
987
Номера: +380930001122, 06134665174, 06131772141, +38006131471193
654871896
987
Номера: +380930001122, 06134665174, 06131772141, +38006131471193
654871896
987
654871896
Номера: +380930001122, 06134665174, 06131772141, +38006131471193
987
654871896
Номера: +380930001122, 06134665174, 06131772141, +38006131471193
987
654871896
Номера: +380930001122, 06134665174, 06131772141, +38006131471193
987
654871896
Номера: +380930001122, 06134665174, 06131772141, +38006131471193
987
Номера: +380930001122, 06134665174, 06131772141, +38006131471193
654871896
